9.899999999999999911e-01 -2.200000000000000011e-01 8.200000000000000622e-01 -5.500000000000000444e-01 6.599999999999999201e-01 -2.099999999999999922e-01 -2.000000000000000111e-01
-2.200000000000000011e-01 9.899999999999999911e-01 -3.699999999999999956e-01 4.899999999999999911e-01 -3.699999999999999956e-01 -6.600000000000000311e-01 -6.999999999999999556e-01
8.200000000000000622e-01 -3.699999999999999956e-01 9.899999999999999911e-01 -1.400000000000000133e-01 8.599999999999999867e-01 -2.200000000000000011e-01 -2.399999999999999911e-01
-5.500000000000000444e-01 4.899999999999999911e-01 -1.400000000000000133e-01 9.899999999999999911e-01 -4.000000000000000083e-02 -3.900000000000000133e-01 -4.299999999999999933e-01
6.599999999999999201e-01 -3.699999999999999956e-01 8.599999999999999867e-01 -4.000000000000000083e-02 9.899999999999999911e-01 7.000000000000000666e-02 -1.499999999999999944e-01
-2.099999999999999922e-01 -6.600000000000000311e-01 -2.200000000000000011e-01 -3.900000000000000133e-01 7.000000000000000666e-02 9.899999999999999911e-01 8.800000000000000044e-01
-2.000000000000000111e-01 -6.999999999999999556e-01 -2.399999999999999911e-01 -4.299999999999999933e-01 -1.499999999999999944e-01 8.800000000000000044e-01 9.899999999999999911e-01
